Simulation,Generation,Best Fitness,Average Fitness,Class,Strength,Agility,Expertise,Endurance,Health,Height,Total Points,Performance,v_strength,v_agility,v_expertise,v_endurance,v_health,v_height,Time Taken,Stop Reason
1,0,42.4122,30.4923,Warrior,71.6171,47.8546,49.7146,0.4459,30.3679,1.4591,200,57.1243,265.1189,548.3753,317.4056,309.5018,514.7817,0.0338,0.0788,Population structure converged. Difference: 0.0090
1,1,46.3635,33.3747,Warrior,58.8916,118.5975,8.5056,1.9381,12.0671,1.8573,200,57.1243,205.0112,571.4116,345.1177,283.5771,382.6367,0.0260,0.0788,Population structure converged. Difference: 0.0090
1,2,48.2686,36.7792,Warrior,57.1010,67.5547,61.7650,1.8792,11.7002,1.8573,200,57.1243,126.1462,556.7973,432.6184,309.8898,291.2119,0.0203,0.0788,Population structure converged. Difference: 0.0090
1,3,52.0416,39.8723,Warrior,77.4983,51.7844,58.2685,1.7728,10.6760,1.8573,200,57.1243,160.2973,438.9939,453.0132,233.9186,204.5180,0.0182,0.0788,Population structure converged. Difference: 0.0090
1,4,52.3889,42.4802,Warrior,70.6941,78.3103,34.1836,2.3265,14.4854,1.8573,200,57.1243,143.0104,397.6557,420.9636,198.2577,138.6164,0.0126,0.0788,Population structure converged. Difference: 0.0090
1,5,53.4488,45.5306,Warrior,79.6790,88.8531,15.4461,3.5196,12.5023,1.8638,200,57.1243,81.8130,335.9692,393.5718,113.6679,80.6973,0.0025,0.0788,Population structure converged. Difference: 0.0090
1,6,53.4488,48.3308,Warrior,79.6790,88.8531,15.4461,3.5196,12.5023,1.8638,200,57.1243,72.6068,276.4060,323.0174,34.2975,29.7172,0.0003,0.0788,Population structure converged. Difference: 0.0090
1,7,53.7120,50.4118,Warrior,71.8254,79.5635,34.7307,2.3638,11.5166,1.8638,200,57.1243,60.8490,201.8105,308.3073,9.0001,11.9237,0.0004,0.0788,Population structure converged. Difference: 0.0090
1,8,54.5252,51.9697,Warrior,79.4455,93.9899,11.3721,2.5913,12.6011,1.9290,200,57.1243,42.7547,133.9096,275.3354,7.4400,4.0489,0.0009,0.0788,Population structure converged. Difference: 0.0090
1,9,55.6927,52.5093,Warrior,80.8786,95.6853,11.5773,2.6380,9.2208,1.9290,200,57.1243,56.0436,118.7672,250.7902,3.6287,3.9184,0.0011,0.0788,Population structure converged. Difference: 0.0090
1,10,55.6927,53.0745,Warrior,80.8786,95.6853,11.5773,2.6380,9.2208,1.9290,200,57.1243,36.2781,109.8531,184.3574,1.1859,5.2131,0.0011,0.0788,Population structure converged. Difference: 0.0090
1,11,55.6927,53.3676,Warrior,80.8786,95.6853,11.5773,2.6380,9.2208,1.9290,200,57.1243,29.6880,95.5401,139.2033,0.7827,5.2138,0.0011,0.0788,Population structure converged. Difference: 0.0090
1,12,55.6927,53.7167,Warrior,80.8786,95.6853,11.5773,2.6380,9.2208,1.9290,200,57.1243,23.2815,83.0280,122.8931,0.2803,5.7552,0.0012,0.0788,Population structure converged. Difference: 0.0090
1,13,55.6927,54.1796,Warrior,80.8786,95.6853,11.5773,2.6380,9.2208,1.9290,200,57.1243,26.4015,91.0975,130.6994,0.2435,3.8618,0.0012,0.0788,Population structure converged. Difference: 0.0090
1,14,56.1111,54.6313,Warrior,87.9697,86.5394,12.5923,2.8693,10.0293,1.9290,200,57.1243,25.9735,109.8652,145.8535,0.2839,4.6332,0.0009,0.0788,Population structure converged. Difference: 0.0090
1,15,56.1111,54.9461,Warrior,87.9697,86.5394,12.5923,2.8693,10.0293,1.9290,200,57.1243,20.1815,120.4462,162.1930,0.1706,4.3720,0.0006,0.0788,Population structure converged. Difference: 0.0090
1,16,56.5205,55.3047,Warrior,77.9468,78.3137,31.9517,2.6222,9.1655,1.9290,200,57.1243,19.3628,91.9724,122.3129,0.1037,3.3533,0.0003,0.0788,Population structure converged. Difference: 0.0090
1,17,56.9202,55.4804,Warrior,82.5890,70.6912,35.5472,2.5248,8.6478,1.9290,200,57.1243,21.7567,89.2225,111.3552,0.1092,2.8666,0.0003,0.0788,Population structure converged. Difference: 0.0090
1,18,56.9202,55.7232,Warrior,82.5890,70.6912,35.5472,2.5248,8.6478,1.9290,200,57.1243,22.4445,76.1412,109.6230,0.0855,1.4766,0.0002,0.0788,Population structure converged. Difference: 0.0090
1,19,56.9849,56.0951,Warrior,80.5957,73.7461,34.7553,2.4638,8.4391,1.9290,200,57.1243,16.6766,75.1685,104.8424,0.0628,0.6206,0.0000,0.0788,Population structure converged. Difference: 0.0090
1,20,57.0617,56.3120,Warrior,83.2339,72.6931,32.9013,2.2393,8.9325,1.9290,200,57.1243,12.7164,77.1560,83.5946,0.0564,0.4402,0.0000,0.0788,Population structure converged. Difference: 0.0090
1,21,57.1243,56.6135,Warrior,80.7041,79.3919,29.1499,2.3923,8.3618,1.9290,200,57.1243,11.4279,46.7096,46.1764,0.0494,0.2371,0.0000,0.0788,Population structure converged. Difference: 0.0090
2,0,39.9165,28.4977,Warrior,79.8012,87.1926,4.5145,15.8910,12.6007,1.5994,200,56.8279,636.3594,351.7807,574.0395,588.6234,289.0114,0.0391,0.1314,Population structure converged. Difference: 0.0084
2,1,39.9366,32.2648,Warrior,58.4490,41.6841,52.9611,26.8599,20.0459,1.8792,200,56.8279,285.5120,238.1815,584.0331,312.7514,199.0730,0.0356,0.1314,Population structure converged. Difference: 0.0084
2,2,48.1489,34.8850,Warrior,73.9238,55.9410,53.8324,8.3784,7.9244,1.8087,200,56.8279,266.9541,174.2429,369.9517,183.2158,142.7035,0.0333,0.1314,Population structure converged. Difference: 0.0084
2,3,48.1489,37.1310,Warrior,73.9238,55.9410,53.8324,8.3784,7.9244,1.8087,200,56.8279,149.7470,226.6039,384.3371,116.4873,118.4211,0.0244,0.1314,Population structure converged. Difference: 0.0084
2,4,48.1489,38.6882,Warrior,73.9238,55.9410,53.8324,8.3784,7.9244,1.8087,200,56.8279,122.2036,292.7662,390.5953,76.2922,114.7086,0.0201,0.1314,Population structure converged. Difference: 0.0084
2,5,51.8683,40.3088,Warrior,73.9238,55.9410,53.8324,8.3784,7.9244,1.8792,200,56.8279,104.4765,277.1102,327.1641,35.9732,85.9811,0.0111,0.1314,Population structure converged. Difference: 0.0084
2,6,51.8683,42.1919,Warrior,73.9238,55.9410,53.8324,8.3784,7.9244,1.8792,200,56.8279,70.8211,276.9858,324.1454,27.7680,56.9275,0.0066,0.1314,Population structure converged. Difference: 0.0084
2,7,51.8683,43.7766,Warrior,73.9238,55.9410,53.8324,8.3784,7.9244,1.8792,200,56.8279,79.1725,300.9866,364.7574,23.9138,47.3133,0.0039,0.1314,Population structure converged. Difference: 0.0084
2,8,51.8683,46.3321,Warrior,73.9238,55.9410,53.8324,8.3784,7.9244,1.8792,200,56.8279,60.5371,255.6232,357.1396,14.2157,42.5667,0.0016,0.1314,Population structure converged. Difference: 0.0084
2,9,51.8683,47.9526,Warrior,73.9238,55.9410,53.8324,8.3784,7.9244,1.8792,200,56.8279,55.1038,206.9455,362.5091,12.0824,34.1249,0.0016,0.1314,Population structure converged. Difference: 0.0084
2,10,52.9931,49.2592,Warrior,79.6925,60.3064,42.4261,9.0322,8.5428,1.8792,200,56.8279,55.9982,173.3198,341.5906,11.5512,20.0968,0.0007,0.1314,Population structure converged. Difference: 0.0084
2,11,53.0698,50.4457,Warrior,68.5082,79.9115,36.4719,7.7646,7.3438,1.8792,200,56.8279,23.8264,134.3005,228.5773,6.3146,14.7668,0.0005,0.1314,Population structure converged. Difference: 0.0084
2,12,53.3190,51.1759,Warrior,68.7219,73.1859,44.5887,6.9397,6.5637,1.8792,200,56.8279,37.0642,142.3495,288.7249,6.0943,5.5590,0.0003,0.1314,Population structure converged. Difference: 0.0084
2,13,54.0138,51.6426,Warrior,79.7193,60.3267,46.0179,7.1622,6.7740,1.8792,200,56.8279,24.9966,178.5623,317.8213,5.4310,4.0571,0.0001,0.1314,Population structure converged. Difference: 0.0084
2,14,54.0138,52.2407,Warrior,79.7193,60.3267,46.0179,7.1622,6.7740,1.8792,200,56.8279,29.9130,177.4329,303.2955,4.0452,2.9664,0.0000,0.1314,Population structure converged. Difference: 0.0084
2,15,54.6497,52.6500,Warrior,72.7640,77.4906,37.1220,6.4875,6.1359,1.8792,200,56.8279,39.7625,160.6459,268.5632,3.2677,2.0397,0.0000,0.1314,Population structure converged. Difference: 0.0084
2,16,55.0129,52.7901,Warrior,78.5311,73.8203,33.6918,7.1728,6.7841,1.8792,200,56.8279,47.9295,187.9203,306.9850,2.6488,0.5432,0.0001,0.1314,Population structure converged. Difference: 0.0084
2,17,54.6891,53.1888,Warrior,73.0013,77.7433,36.5908,6.5086,6.1559,1.8792,200,56.8279,55.5053,177.7694,316.5452,2.4167,0.6074,0.0001,0.1314,Population structure converged. Difference: 0.0084
2,18,54.7510,53.4836,Warrior,72.2258,76.9174,39.0353,6.0754,5.7462,1.8792,200,56.8279,44.4170,155.7990,258.8143,3.3715,0.7965,0.0000,0.1314,Population structure converged. Difference: 0.0084
2,19,55.5820,53.9553,Warrior,75.4777,80.3806,32.9403,5.7567,5.4447,1.8792,200,56.8279,29.0124,125.4426,171.5093,0.9005,0.7873,0.0000,0.1314,Population structure converged. Difference: 0.0084
2,20,55.9885,54.3344,Warrior,79.9790,72.2501,36.6666,5.7067,5.3975,1.8792,200,56.8279,21.7882,85.8345,122.1995,0.6315,0.6838,0.0000,0.1314,Population structure converged. Difference: 0.0084
2,21,55.9885,54.7017,Warrior,79.9790,72.2501,36.6666,5.7067,5.3975,1.8792,200,56.8279,14.6039,40.4604,54.5656,0.5134,0.7258,0.0000,0.1314,Population structure converged. Difference: 0.0084
2,22,56.7213,54.9867,Warrior,86.9447,72.8637,29.9926,5.2415,4.9575,1.8792,200,56.8279,12.7478,26.0474,27.1883,0.4370,0.7182,0.0000,0.1314,Population structure converged. Difference: 0.0084
2,23,56.7213,55.2515,Warrior,86.9447,72.8637,29.9926,5.2415,4.9575,1.8792,200,56.8279,22.6383,22.5698,23.3295,0.3901,0.5628,0.0000,0.1314,Population structure converged. Difference: 0.0084
2,24,56.7213,55.6456,Warrior,86.9447,72.8637,29.9926,5.2415,4.9575,1.8792,200,56.8279,33.1804,26.0482,35.4449,0.2753,0.4713,0.0000,0.1314,Population structure converged. Difference: 0.0084
2,25,56.7213,55.9200,Warrior,86.9447,72.8637,29.9926,5.2415,4.9575,1.8792,200,56.8279,25.1815,21.8355,21.6368,0.1479,0.2585,0.0000,0.1314,Population structure converged. Difference: 0.0084
2,26,56.8279,56.1581,Warrior,83.6126,75.5986,30.9806,5.0406,4.7675,1.8792,200,56.8279,19.3914,15.8919,12.0111,0.0790,0.1938,0.0000,0.1314,Population structure converged. Difference: 0.0084
2,27,56.8279,56.3562,Warrior,83.6126,75.5986,30.9806,5.0406,4.7675,1.8792,200,56.8279,17.3396,8.0265,3.5928,0.0839,0.2092,0.0000,0.1314,Population structure converged. Difference: 0.0084
3,0,42.8211,30.4062,Warrior,58.8557,60.1061,36.7637,13.2557,31.0188,1.8612,200,55.4975,383.9785,483.8762,384.7085,284.2740,351.1191,0.0367,0.0921,Population structure converged. Difference: 0.0092
3,1,43.2061,34.9031,Warrior,63.6064,81.7200,14.8772,38.1028,1.6936,1.8714,200,55.4975,218.3596,314.6486,275.0034,122.4604,275.8590,0.0258,0.0921,Population structure converged. Difference: 0.0092
3,2,47.7377,38.5344,Warrior,64.3407,82.6634,23.2972,15.8660,13.8327,1.8714,200,55.4975,75.1508,258.2951,247.3959,86.6964,176.2822,0.0251,0.0921,Population structure converged. Difference: 0.0092
3,3,47.7377,40.2807,Warrior,64.3407,82.6634,23.2972,15.8660,13.8327,1.8714,200,55.4975,68.7537,226.5877,226.1655,98.8903,188.0446,0.0161,0.0921,Population structure converged. Difference: 0.0092
3,4,52.6056,42.1271,Warrior,71.0106,75.6507,37.8136,13.6342,1.8908,1.8714,200,55.4975,33.1551,198.0754,256.0881,117.9236,163.8810,0.0127,0.0921,Population structure converged. Difference: 0.0092
3,5,52.6056,43.4403,Warrior,71.0106,75.6507,37.8136,13.6342,1.8908,1.8714,200,55.4975,46.5872,189.2649,259.6037,108.6920,138.6535,0.0041,0.0921,Population structure converged. Difference: 0.0092
3,6,52.6056,44.8955,Warrior,71.0106,75.6507,37.8136,13.6342,1.8908,1.8714,200,55.4975,33.3020,123.1375,206.3448,109.9542,80.9423,0.0027,0.0921,Population structure converged. Difference: 0.0092
3,7,52.6056,46.9252,Warrior,71.0106,75.6507,37.8136,13.6342,1.8908,1.8714,200,55.4975,25.9152,69.6923,132.6265,71.1075,53.9386,0.0004,0.0921,Population structure converged. Difference: 0.0092
3,8,52.6056,48.8453,Warrior,71.0106,75.6507,37.8136,13.6342,1.8908,1.8714,200,55.4975,29.2731,43.5549,117.1693,32.1971,51.2913,0.0004,0.0921,Population structure converged. Difference: 0.0092
3,9,52.7315,49.9051,Warrior,76.8961,66.2396,40.5153,14.6083,1.7406,1.8714,200,55.4975,24.1824,38.2948,98.9786,31.5444,44.1237,0.0004,0.0921,Population structure converged. Difference: 0.0092
3,10,53.1092,51.2121,Warrior,74.8376,79.7277,29.0730,14.3690,1.9927,1.8714,200,55.4975,18.4028,25.7100,47.8147,15.7753,22.1068,0.0004,0.0921,Population structure converged. Difference: 0.0092
3,11,53.2398,52.0993,Warrior,84.4405,83.4942,14.5240,15.6736,1.8676,1.8714,200,55.4975,7.8394,18.5500,24.4414,10.3666,9.0928,0.0000,0.0921,Population structure converged. Difference: 0.0092
3,12,53.9592,52.2261,Warrior,85.3105,84.3544,14.6737,13.7747,1.8868,1.8714,200,55.4975,12.4953,17.5865,26.1885,10.0927,7.1021,0.0000,0.0921,Population structure converged. Difference: 0.0092
3,13,53.9592,52.6735,Warrior,85.3105,84.3544,14.6737,13.7747,1.8868,1.8714,200,55.4975,17.6471,23.5596,44.9008,0.7511,2.3112,0.0000,0.0921,Population structure converged. Difference: 0.0092
3,14,53.9592,52.8725,Warrior,85.3105,84.3544,14.6737,13.7747,1.8868,1.8714,200,55.4975,18.9524,27.0990,62.4191,1.0576,2.0520,0.0000,0.0921,Population structure converged. Difference: 0.0092
3,15,53.9592,53.0899,Warrior,85.3105,84.3544,14.6737,13.7747,1.8868,1.8714,200,55.4975,20.5418,28.9421,65.1842,0.6397,0.0129,0.0000,0.0921,Population structure converged. Difference: 0.0092
3,16,53.9592,53.3482,Warrior,85.3105,84.3544,14.6737,13.7747,1.8868,1.8714,200,55.4975,21.8781,34.8624,89.9791,0.6278,0.0131,0.0000,0.0921,Population structure converged. Difference: 0.0092
3,17,54.3529,53.5415,Warrior,77.2039,76.3387,32.9944,11.8966,1.5664,1.8714,200,55.4975,27.0796,38.4916,111.2986,1.0127,0.0198,0.0000,0.0921,Population structure converged. Difference: 0.0092
3,18,54.5675,53.7441,Warrior,78.1390,77.2633,31.2765,11.4720,1.8491,1.8714,200,55.4975,20.4415,42.2372,99.6670,0.7312,0.0176,0.0000,0.0921,Population structure converged. Difference: 0.0092
3,19,55.0540,53.9818,Warrior,79.6317,78.7393,29.1945,10.7084,1.7261,1.8714,200,55.4975,11.5164,45.8054,87.6087,0.8192,0.0128,0.0000,0.0921,Population structure converged. Difference: 0.0092
3,20,55.0540,54.1747,Warrior,79.6317,78.7393,29.1945,10.7084,1.7261,1.8714,200,55.4975,10.4903,40.3687,74.6857,1.1509,0.0141,0.0000,0.0921,Population structure converged. Difference: 0.0092
3,21,55.0540,54.3471,Warrior,79.6317,78.7393,29.1945,10.7084,1.7261,1.8714,200,55.4975,11.9682,28.0101,56.3586,1.5463,0.0170,0.0000,0.0921,Population structure converged. Difference: 0.0092
3,22,55.2838,54.5383,Warrior,85.4671,74.7420,27.2248,10.8218,1.7443,1.8714,200,55.4975,8.2698,22.4542,42.4557,1.8948,0.0179,0.0000,0.0921,Population structure converged. Difference: 0.0092
3,23,55.4975,54.7643,Warrior,84.1780,75.7820,28.0980,10.3062,1.6358,1.8714,200,55.4975,8.5941,20.8830,37.8394,1.0965,0.0072,0.0000,0.0921,Population structure converged. Difference: 0.0092
3,24,55.4975,54.9929,Warrior,84.1780,75.7820,28.0980,10.3062,1.6358,1.8714,200,55.4975,8.5306,17.7603,32.6227,0.7063,0.0073,0.0000,0.0921,Population structure converged. Difference: 0.0092
4,0,49.7170,30.7617,Warrior,71.3256,65.8719,49.2381,4.3617,9.2026,1.8090,200,59.6448,350.4146,390.0541,567.7727,336.8683,529.5489,0.0391,0.0581,Population structure converged. Difference: 0.0093
4,1,53.0100,34.2841,Warrior,97.6830,75.8662,8.0122,16.9712,1.4675,1.9158,200,59.6448,288.0351,322.4786,407.9965,293.8298,424.5559,0.0404,0.0581,Population structure converged. Difference: 0.0093
4,2,53.0100,38.0872,Warrior,97.6830,75.8662,8.0122,16.9712,1.4675,1.9158,200,59.6448,206.2958,298.2051,284.2597,217.8502,257.7438,0.0399,0.0581,Population structure converged. Difference: 0.0093
4,3,53.0100,41.1931,Warrior,97.6830,75.8662,8.0122,16.9712,1.4675,1.9158,200,59.6448,263.4675,227.9719,299.0733,162.5903,207.2543,0.0380,0.0581,Population structure converged. Difference: 0.0093
4,4,53.4786,44.8017,Warrior,95.6229,74.2662,12.0611,16.6133,1.4365,1.9158,200,59.6448,280.6814,206.0912,369.8079,97.9392,137.1556,0.0269,0.0581,Population structure converged. Difference: 0.0093
4,5,56.6152,47.9032,Warrior,89.8297,59.1783,43.1272,5.4528,2.4120,1.8927,200,59.6448,228.9521,202.3510,431.1360,78.9933,63.2940,0.0176,0.0581,Population structure converged. Difference: 0.0093
4,6,58.9311,50.3979,Warrior,94.0256,73.0257,27.1848,4.3514,1.4125,1.9158,200,59.6448,166.8178,188.1176,502.2641,49.1139,43.5899,0.0071,0.0581,Population structure converged. Difference: 0.0093
4,7,58.9311,52.0601,Warrior,94.0256,73.0257,27.1848,4.3514,1.4125,1.9158,200,59.6448,147.0547,181.1806,506.0335,50.5021,40.4070,0.0048,0.0581,Population structure converged. Difference: 0.0093
4,8,58.9311,54.1315,Warrior,94.0256,73.0257,27.1848,4.3514,1.4125,1.9158,200,59.6448,96.2544,164.5746,487.4542,29.2122,31.2272,0.0024,0.0581,Population structure converged. Difference: 0.0093
4,9,59.0611,55.6732,Warrior,95.5002,74.1709,25.0233,4.0054,1.3002,1.9158,200,59.6448,104.9407,148.8479,393.9600,17.2513,8.5314,0.0004,0.0581,Population structure converged. Difference: 0.0093
4,10,59.0611,56.4486,Warrior,95.5002,74.1709,25.0233,4.0054,1.3002,1.9158,200,59.6448,78.3801,123.7797,303.5715,21.3674,4.8846,0.0001,0.0581,Population structure converged. Difference: 0.0093
4,11,59.3233,57.1530,Warrior,87.0995,82.7692,24.8603,3.9793,1.2917,1.9158,200,59.6448,55.2007,107.3247,231.7304,16.8721,5.2904,0.0003,0.0581,Population structure converged. Difference: 0.0093
4,12,59.3684,58.0499,Warrior,89.7896,79.9853,24.9376,3.9917,1.2957,1.9158,200,59.6448,36.2286,79.5632,148.2153,6.9059,1.8480,0.0001,0.0581,Population structure converged. Difference: 0.0093
4,13,59.4909,58.6520,Warrior,91.3353,71.0169,33.3069,2.9504,1.3905,1.9158,200,59.6448,18.6170,36.4552,56.8102,2.9971,0.5940,0.0000,0.0581,Population structure converged. Difference: 0.0093
4,14,59.5725,58.8968,Warrior,86.7185,77.2495,31.4606,3.4511,1.1203,1.9158,200,59.6448,22.3905,24.5645,36.7909,0.1906,0.0637,0.0000,0.0581,Population structure converged. Difference: 0.0093
4,15,59.6448,59.0944,Warrior,83.9846,79.8092,32.1158,2.8449,1.2455,1.9158,200,59.6448,19.4567,23.6861,19.0004,0.1854,0.0376,0.0000,0.0581,Population structure converged. Difference: 0.0093
5,0,47.2119,30.1007,Warrior,81.9999,79.2617,13.0484,5.7722,19.9178,1.9910,200,52.8430,413.8871,460.9286,484.7411,396.9292,354.6966,0.0512,0.0857,Population structure converged. Difference: 0.0070
5,1,47.2119,35.6013,Warrior,81.9999,79.2617,13.0484,5.7722,19.9178,1.9910,200,52.8430,346.4037,394.4141,395.8095,252.5615,211.9640,0.0587,0.0857,Population structure converged. Difference: 0.0070
5,2,47.2119,39.2009,Warrior,81.9999,79.2617,13.0484,5.7722,19.9178,1.9910,200,52.8430,303.8114,402.5678,324.5616,198.6932,116.9108,0.0541,0.0857,Population structure converged. Difference: 0.0070
5,3,48.3771,42.3662,Warrior,89.8609,73.9814,12.1791,5.3877,18.5909,1.9840,200,52.8430,260.0369,365.8000,298.0214,79.3357,79.3457,0.0401,0.0857,Population structure converged. Difference: 0.0070
5,4,48.4942,44.5205,Warrior,80.0265,65.8848,29.1071,9.0361,15.9454,1.9840,200,52.8430,133.0062,210.6560,156.1527,38.1370,50.2469,0.0261,0.0857,Population structure converged. Difference: 0.0070
5,5,48.9844,46.1093,Warrior,77.6090,82.4951,19.9833,4.4741,15.4385,1.9910,200,52.8430,48.8749,107.7478,100.6175,11.4515,28.7759,0.0206,0.0857,Population structure converged. Difference: 0.0070
5,6,49.1882,47.0347,Warrior,79.0163,76.3777,24.4815,0.3090,19.8155,1.9910,200,52.8430,35.9666,68.7954,93.9034,7.1302,11.4174,0.0085,0.0857,Population structure converged. Difference: 0.0070
5,7,49.9102,47.6738,Warrior,75.3652,62.0473,44.4752,3.1809,14.9315,1.9840,200,52.8430,34.1374,49.7969,100.9585,3.3391,5.9689,0.0011,0.0857,Population structure converged. Difference: 0.0070
5,8,49.9102,48.1965,Warrior,75.3652,62.0473,44.4752,3.1809,14.9315,1.9840,200,52.8430,28.3512,43.1621,83.8429,4.0407,4.2242,0.0004,0.0857,Population structure converged. Difference: 0.0070
5,9,49.9102,48.4090,Warrior,75.3652,62.0473,44.4752,3.1809,14.9315,1.9840,200,52.8430,29.1153,40.4306,82.1183,4.6170,4.7676,0.0007,0.0857,Population structure converged. Difference: 0.0070
5,10,50.9180,48.9047,Warrior,74.8878,69.9281,39.2142,2.8046,13.1652,1.9840,200,52.8430,20.2417,38.3416,91.1760,4.4000,4.4209,0.0004,0.0857,Population structure converged. Difference: 0.0070
5,11,51.0634,49.1837,Warrior,87.7111,81.9022,13.8523,2.9038,13.6306,1.9840,200,52.8430,21.4909,50.8682,113.7485,4.0066,3.8741,0.0000,0.0857,Population structure converged. Difference: 0.0070
5,12,51.2719,49.5051,Warrior,83.7967,72.2983,26.8647,0.3391,16.7013,1.9840,200,52.8430,22.3225,55.0401,111.2561,4.2880,3.0453,0.0000,0.0857,Population structure converged. Difference: 0.0070
5,13,51.5104,49.8281,Warrior,77.7561,82.6515,24.5279,0.3096,14.7550,1.9840,200,52.8430,22.8140,52.4091,122.3361,4.6498,2.9736,0.0000,0.0857,Population structure converged. Difference: 0.0070
5,14,51.5104,50.2642,Warrior,77.7561,82.6515,24.5279,0.3096,14.7550,1.9840,200,52.8430,23.8119,43.1055,111.5128,3.1687,3.6838,0.0000,0.0857,Population structure converged. Difference: 0.0070
5,15,52.3095,50.6551,Warrior,82.9760,78.1766,25.0581,0.3163,13.4731,1.9840,200,52.8430,20.9499,35.3342,81.4269,2.6919,2.8925,0.0000,0.0857,Population structure converged. Difference: 0.0070
5,16,51.9605,51.0026,Warrior,79.0766,76.1255,30.3512,0.3488,14.0979,1.9840,200,52.8430,17.0977,22.3358,48.3970,2.2393,3.2693,0.0000,0.0857,Population structure converged. Difference: 0.0070
5,17,52.6051,51.3595,Warrior,78.9489,73.7202,35.2067,0.3044,11.8198,1.9840,200,52.8430,18.6745,22.7971,50.8389,1.5360,3.0834,0.0000,0.0857,Population structure converged. Difference: 0.0070
5,18,52.6051,51.6543,Warrior,78.9489,73.7202,35.2067,0.3044,11.8198,1.9840,200,52.8430,15.7540,21.9361,39.5773,1.1386,2.7438,0.0000,0.0857,Population structure converged. Difference: 0.0070
5,19,52.7047,51.8432,Warrior,79.4017,74.1430,34.5151,0.3525,11.5876,1.9840,200,52.8430,14.9819,17.5196,29.7909,0.8634,2.7614,0.0000,0.0857,Population structure converged. Difference: 0.0070
5,20,52.7047,52.0928,Warrior,79.4017,74.1430,34.5151,0.3525,11.5876,1.9840,200,52.8430,14.4346,13.1163,22.9801,0.4763,1.9017,0.0000,0.0857,Population structure converged. Difference: 0.0070
5,21,52.8430,52.3195,Warrior,82.0229,72.3538,33.6822,0.3440,11.5971,1.9840,200,52.8430,12.1813,10.8904,19.1652,0.2709,1.0527,0.0000,0.0857,Population structure converged. Difference: 0.0070
5,22,52.8430,52.4764,Warrior,82.0229,72.3538,33.6822,0.3440,11.5971,1.9840,200,52.8430,8.4971,11.9526,17.7670,0.0908,0.6706,0.0000,0.0857,Population structure converged. Difference: 0.0070
6,0,46.0904,31.3323,Warrior,70.3866,65.4539,25.9183,13.3156,24.9257,1.8597,200,56.4933,423.8021,519.0443,513.4652,418.9429,371.4372,0.0460,0.0651,Population structure converged. Difference: 0.0097
6,1,51.8662,36.2653,Warrior,86.5198,87.2391,2.9064,6.0281,17.3066,1.9212,200,56.4933,506.8932,636.2061,501.3977,259.9171,192.9558,0.0451,0.0651,Population structure converged. Difference: 0.0097
6,2,51.8662,40.7573,Warrior,86.5198,87.2391,2.9064,6.0281,17.3066,1.9212,200,56.4933,233.7608,399.8799,303.1891,116.5489,94.4345,0.0276,0.0651,Population structure converged. Difference: 0.0097
6,3,51.8662,44.1503,Warrior,86.5198,87.2391,2.9064,6.0281,17.3066,1.9212,200,56.4933,154.7000,230.5586,228.1293,64.0338,92.7974,0.0162,0.0651,Population structure converged. Difference: 0.0097
6,4,52.9064,47.0320,Warrior,77.9572,72.4939,31.7323,8.0136,9.8030,1.8597,200,56.4933,112.4848,188.1745,243.2357,17.6488,32.2500,0.0047,0.0651,Population structure converged. Difference: 0.0097
6,5,53.5846,48.7869,Warrior,75.6206,76.2493,27.7349,5.2688,15.1265,1.9212,200,56.4933,87.2743,142.0398,183.3174,15.5098,34.2267,0.0007,0.0651,Population structure converged. Difference: 0.0097
6,6,53.5846,49.5769,Warrior,75.6206,76.2493,27.7349,5.2688,15.1265,1.9212,200,56.4933,86.2759,154.7947,203.5178,12.0292,32.5072,0.0007,0.0651,Population structure converged. Difference: 0.0097
6,7,53.6029,50.9746,Warrior,88.9746,89.7143,2.9889,8.2410,10.0812,1.9212,200,56.4933,46.0904,110.1664,149.4968,9.4925,23.7563,0.0007,0.0651,Population structure converged. Difference: 0.0097
6,8,54.2230,52.0870,Warrior,89.8924,90.6397,3.0197,6.2631,10.1852,1.9212,200,56.4933,36.1861,90.4090,151.0607,5.6406,15.1516,0.0007,0.0651,Population structure converged. Difference: 0.0097
6,9,55.0978,52.7516,Warrior,77.4893,78.1335,28.4202,7.1772,8.7798,1.9212,200,56.4933,34.4278,66.2985,118.8141,3.0332,13.7710,0.0008,0.0651,Population structure converged. Difference: 0.0097
6,10,55.0978,53.0065,Warrior,77.4893,78.1335,28.4202,7.1772,8.7798,1.9212,200,56.4933,37.1949,66.7966,139.8121,2.4870,14.4447,0.0006,0.0651,Population structure converged. Difference: 0.0097
6,11,56.0841,53.3415,Warrior,80.3612,81.0293,24.7942,4.7101,9.1052,1.9212,200,56.4933,36.0682,63.3214,157.1036,3.6737,15.0303,0.0005,0.0651,Population structure converged. Difference: 0.0097
6,12,56.0841,53.9632,Warrior,80.3612,81.0293,24.7942,4.7101,9.1052,1.9212,200,56.4933,35.4746,58.7716,158.3960,1.3482,9.1765,0.0003,0.0651,Population structure converged. Difference: 0.0097
6,13,56.0841,54.4985,Warrior,80.3612,81.0293,24.7942,4.7101,9.1052,1.9212,200,56.4933,28.0022,41.7801,121.6011,1.3635,7.0450,0.0002,0.0651,Population structure converged. Difference: 0.0097
6,14,56.1248,55.0532,Warrior,80.0688,77.8492,28.3168,4.6930,9.0721,1.9212,200,56.4933,15.0641,23.6861,63.6820,0.9106,5.1632,0.0000,0.0651,Population structure converged. Difference: 0.0097
6,15,56.2757,55.3171,Warrior,83.6339,75.6213,26.9923,5.4138,8.3387,1.9212,200,56.4933,13.6487,19.6791,43.4959,0.8240,2.2545,0.0001,0.0651,Population structure converged. Difference: 0.0097
6,16,56.4496,55.6389,Warrior,80.8061,81.4779,24.9314,4.7362,8.0485,1.9212,200,56.4933,7.9451,12.7975,17.8019,0.7926,0.6202,0.0001,0.0651,Population structure converged. Difference: 0.0097
6,17,56.4933,55.8677,Warrior,79.3987,80.0587,28.1263,4.6614,7.7549,1.9212,200,56.4933,4.3245,7.5961,2.0636,0.7546,0.4721,0.0000,0.0651,Population structure converged. Difference: 0.0097
6,18,56.4933,55.9507,Warrior,79.3987,80.0587,28.1263,4.6614,7.7549,1.9212,200,56.4933,4.9766,7.1190,1.9414,0.7385,0.3462,0.0000,0.0651,Population structure converged. Difference: 0.0097
7,0,44.9307,31.3365,Warrior,63.0668,39.7188,71.1532,9.1558,16.9054,1.9061,200,60.1088,475.1964,298.8257,448.4054,334.1044,418.1330,0.0457,0.0712,Population structure converged. Difference: 0.0070
7,1,47.1878,35.3868,Warrior,61.4386,57.6557,64.1832,8.6443,8.0782,1.8463,200,60.1088,380.3195,318.4914,397.2946,205.9849,413.6723,0.0424,0.0712,Population structure converged. Difference: 0.0070
7,2,47.7983,39.5728,Warrior,66.0241,41.5813,74.4897,0.2068,17.6981,1.9061,200,60.1088,183.3078,248.4138,424.7518,141.3358,180.7717,0.0329,0.0712,Population structure converged. Difference: 0.0070
7,3,49.2109,41.7016,Warrior,69.6610,43.8718,67.5761,0.2182,18.6730,1.9061,200,60.1088,112.4004,301.8762,411.1602,105.7761,109.5393,0.0280,0.0712,Population structure converged. Difference: 0.0070
7,4,55.7045,44.2128,Warrior,93.2000,91.9776,3.1496,10.4270,1.2458,1.9061,200,60.1088,92.4967,223.4740,356.0306,65.1205,46.9380,0.0215,0.0712,Population structure converged. Difference: 0.0070
7,5,55.7045,46.6944,Warrior,93.2000,91.9776,3.1496,10.4270,1.2458,1.9061,200,60.1088,114.7989,342.1210,674.9451,49.1473,52.8636,0.0162,0.0712,Population structure converged. Difference: 0.0070
7,6,55.7045,48.5743,Warrior,93.2000,91.9776,3.1496,10.4270,1.2458,1.9061,200,60.1088,147.3509,318.6905,612.6897,47.6315,54.1800,0.0040,0.0712,Population structure converged. Difference: 0.0070
7,7,55.7045,49.5386,Warrior,93.2000,91.9776,3.1496,10.4270,1.2458,1.9061,200,60.1088,187.4909,370.6370,560.0722,29.1816,39.9962,0.0006,0.0712,Population structure converged. Difference: 0.0070
7,8,59.0681,51.5807,Warrior,77.8133,76.7927,42.4088,1.9451,1.0401,1.9061,200,60.1088,204.8956,345.4043,623.0604,21.8526,32.6126,0.0004,0.0712,Population structure converged. Difference: 0.0070
7,9,59.0681,52.9218,Warrior,77.8133,76.7927,42.4088,1.9451,1.0401,1.9061,200,60.1088,175.7779,269.9654,616.6925,19.4420,26.0616,0.0003,0.0712,Population structure converged. Difference: 0.0070
7,10,59.0681,54.0248,Warrior,77.8133,76.7927,42.4088,1.9451,1.0401,1.9061,200,60.1088,131.6108,241.8233,558.6841,18.1260,24.7234,0.0002,0.0712,Population structure converged. Difference: 0.0070
7,11,59.0681,55.0823,Warrior,77.8133,76.7927,42.4088,1.9451,1.0401,1.9061,200,60.1088,128.2567,182.0872,465.3317,15.7666,19.1061,0.0002,0.0712,Population structure converged. Difference: 0.0070
7,12,59.8261,55.9768,Warrior,87.4279,70.6167,38.9981,1.7887,1.1686,1.9061,200,60.1088,96.4964,172.4185,422.3057,16.0946,12.4195,0.0002,0.0712,Population structure converged. Difference: 0.0070
7,13,59.8130,56.9155,Warrior,86.4595,71.2388,39.3416,1.8044,1.1557,1.9061,200,60.1088,81.5743,144.8409,381.9500,12.4463,10.1830,0.0001,0.0712,Population structure converged. Difference: 0.0070
7,14,59.8787,57.7584,Warrior,86.5420,71.3068,39.3792,1.8061,0.9658,1.9061,200,60.1088,64.0222,154.6490,375.8287,8.8997,7.2774,0.0000,0.0712,Population structure converged. Difference: 0.0070
7,15,59.8787,58.2761,Warrior,86.5420,71.3068,39.3792,1.8061,0.9658,1.9061,200,60.1088,62.6373,130.8910,328.8958,7.2702,3.4659,0.0000,0.0712,Population structure converged. Difference: 0.0070
7,16,60.0676,58.9319,Warrior,86.8739,73.0574,37.4337,1.7169,0.9181,1.9061,200,60.1088,42.0346,95.9024,194.8780,2.6179,2.8829,0.0000,0.0712,Population structure converged. Difference: 0.0070
7,17,60.1088,59.4621,Warrior,82.6872,81.6027,33.3618,1.5301,0.8182,1.9061,200,60.1088,24.9434,43.4984,78.9425,0.3551,1.7331,0.0000,0.0712,Population structure converged. Difference: 0.0070
7,18,60.1088,59.6881,Warrior,82.6872,81.6027,33.3618,1.5301,0.8182,1.9061,200,60.1088,22.7576,15.1908,28.9314,0.0383,0.2375,0.0000,0.0712,Population structure converged. Difference: 0.0070
8,0,48.6853,30.7015,Warrior,68.4531,43.2497,69.5610,1.1707,17.5655,1.9279,200,55.7096,281.4398,404.5849,391.4239,277.7578,359.2359,0.0423,0.0718,Population structure converged. Difference: 0.0092
8,1,48.6853,35.1580,Warrior,68.4531,43.2497,69.5610,1.1707,17.5655,1.9279,200,55.7096,169.7308,285.9304,425.9104,234.3816,254.1937,0.0384,0.0718,Population structure converged. Difference: 0.0092
8,2,48.6853,38.5248,Warrior,68.4531,43.2497,69.5610,1.1707,17.5655,1.9279,200,55.7096,107.8398,247.6658,404.6951,219.6761,138.3599,0.0300,0.0718,Population structure converged. Difference: 0.0092
8,3,50.3379,42.3681,Warrior,73.7374,46.5884,59.4917,1.2610,18.9215,1.9279,200,55.7096,101.5605,158.4733,331.3080,161.7654,71.8097,0.0181,0.0718,Population structure converged. Difference: 0.0092
8,4,51.5727,45.2790,Warrior,82.6203,52.2007,42.5651,1.4129,21.2009,1.9279,200,55.7096,86.0058,85.1926,266.0286,105.1941,61.2550,0.0048,0.0718,Population structure converged. Difference: 0.0092
8,5,52.2528,46.8758,Warrior,81.6543,56.7987,39.1976,1.3964,20.9530,1.9279,200,55.7096,62.5439,38.6485,167.9310,80.4380,26.6573,0.0007,0.0718,Population structure converged. Difference: 0.0092
8,6,52.2528,48.1878,Warrior,81.6543,56.7987,39.1976,1.3964,20.9530,1.9279,200,55.7096,80.6516,40.5652,161.4185,45.2441,14.1930,0.0004,0.0718,Population structure converged. Difference: 0.0092
8,7,53.1564,49.1893,Warrior,82.8001,57.5958,39.7476,1.4160,18.4404,1.9279,200,55.7096,92.8756,50.6861,227.5511,33.4721,8.9965,0.0002,0.0718,Population structure converged. Difference: 0.0092
8,8,52.9740,50.3038,Warrior,81.4204,51.4426,50.1303,1.0626,15.9441,1.9279,200,55.7096,97.6349,61.8633,274.5948,19.6316,6.7829,0.0000,0.0718,Population structure converged. Difference: 0.0092
8,9,53.0069,50.9156,Warrior,83.0769,50.7239,49.4301,1.0478,15.7214,1.9279,200,55.7096,78.1448,65.7167,231.2997,8.7417,9.5948,0.0001,0.0718,Population structure converged. Difference: 0.0092
8,10,53.0069,51.5694,Warrior,83.0769,50.7239,49.4301,1.0478,15.7214,1.9279,200,55.7096,51.5443,46.6968,155.0036,0.0450,7.7507,0.0001,0.0718,Population structure converged. Difference: 0.0092
8,11,54.7657,51.9752,Warrior,86.1710,72.4259,23.6001,1.4960,16.3069,1.9279,200,55.7096,38.4704,49.3643,138.8951,0.0596,10.2452,0.0000,0.0718,Population structure converged. Difference: 0.0092
8,12,54.7657,52.4947,Warrior,86.1710,72.4259,23.6001,1.4960,16.3069,1.9279,200,55.7096,22.0593,31.0206,93.2507,0.0601,7.3191,0.0000,0.0718,Population structure converged. Difference: 0.0092
8,13,55.0389,52.8227,Warrior,87.9877,71.7546,23.3814,1.0545,15.8219,1.9279,200,55.7096,17.3579,41.4518,93.0662,0.0468,7.6698,0.0000,0.0718,Population structure converged. Difference: 0.0092
8,14,55.1153,53.4175,Warrior,86.6188,72.8023,23.7227,1.0532,15.8030,1.9279,200,55.7096,5.9162,77.1955,112.8534,0.0420,3.0889,0.0000,0.0718,Population structure converged. Difference: 0.0092
8,15,55.1153,53.9891,Warrior,86.6188,72.8023,23.7227,1.0532,15.8030,1.9279,200,55.7096,10.9720,88.5399,132.6477,0.0510,1.0997,0.0000,0.0718,Population structure converged. Difference: 0.0092
8,16,55.1153,54.3481,Warrior,86.6188,72.8023,23.7227,1.0532,15.8030,1.9279,200,55.7096,11.8995,73.0458,117.1580,0.0527,0.8978,0.0000,0.0718,Population structure converged. Difference: 0.0092
8,17,55.5984,54.8408,Warrior,82.6652,76.7137,24.9973,0.9762,14.6476,1.9279,200,55.7096,13.2582,32.3358,77.9940,0.0388,0.5350,0.0000,0.0718,Population structure converged. Difference: 0.0092
8,18,55.5984,54.9426,Warrior,82.6652,76.7137,24.9973,0.9762,14.6476,1.9279,200,55.7096,8.7006,23.9985,49.3126,0.0301,0.6381,0.0000,0.0718,Population structure converged. Difference: 0.0092
8,19,55.7652,55.0870,Warrior,85.6233,74.7797,24.3671,0.9516,14.2783,1.9279,200,55.7096,6.0746,15.9432,33.5302,0.0202,0.5247,0.0000,0.0718,Population structure converged. Difference: 0.0092
8,20,55.7096,55.2044,Warrior,87.8311,73.1370,23.8318,1.0655,14.1346,1.9279,200,55.7096,6.4928,13.6953,30.7419,0.0131,0.7404,0.0000,0.0718,Population structure converged. Difference: 0.0092
9,0,47.2691,29.9521,Warrior,66.2925,54.7325,56.7610,10.7879,11.4261,1.8435,200,58.0876,524.6436,629.8328,321.6691,444.1949,394.2170,0.0403,0.0650,Population structure converged. Difference: 0.0099
9,1,49.7803,34.7071,Warrior,55.0038,79.3436,55.7221,4.2509,5.6796,1.8968,200,58.0876,354.5580,563.4993,334.0505,460.1440,272.4291,0.0424,0.0650,Population structure converged. Difference: 0.0099
9,2,49.7803,38.7833,Warrior,55.0038,79.3436,55.7221,4.2509,5.6796,1.8968,200,58.0876,207.1824,528.3062,272.3134,208.7527,244.0707,0.0478,0.0650,Population structure converged. Difference: 0.0099
9,3,50.0622,41.8436,Warrior,72.9612,78.4773,23.1801,15.5120,9.8693,1.9582,200,58.0876,109.1361,344.5465,235.7695,91.6311,193.8976,0.0477,0.0650,Population structure converged. Difference: 0.0099
9,4,51.7639,44.8019,Warrior,63.5707,86.2198,34.0949,7.7771,8.3374,1.9385,200,58.0876,77.2383,253.1341,199.5594,55.4591,141.6758,0.0368,0.0650,Population structure converged. Difference: 0.0099
9,5,53.7521,47.5740,Warrior,65.5483,70.2781,54.4667,4.1551,5.5516,1.9230,200,58.0876,61.3405,158.0236,153.0502,25.2299,72.0046,0.0214,0.0650,Population structure converged. Difference: 0.0099
9,6,55.3902,49.1492,Warrior,69.9411,77.8129,44.4409,7.0188,0.7863,1.9385,200,58.0876,59.2117,103.5778,196.4923,17.8604,58.6625,0.0126,0.0650,Population structure converged. Difference: 0.0099
9,7,55.3902,50.4509,Warrior,69.9411,77.8129,44.4409,7.0188,0.7863,1.9385,200,58.0876,41.6553,97.0241,175.6592,12.5416,43.7882,0.0073,0.0650,Population structure converged. Difference: 0.0099
9,8,55.7379,51.6017,Warrior,71.6980,76.8715,40.8131,4.5450,6.0725,1.9230,200,58.0876,45.5469,82.6426,138.6257,11.3134,36.7743,0.0012,0.0650,Population structure converged. Difference: 0.0099
9,9,55.9020,52.6413,Warrior,68.6873,84.5313,41.1880,4.7269,0.8665,1.9385,200,58.0876,42.7350,111.4435,98.9899,7.8943,28.8582,0.0010,0.0650,Population structure converged. Difference: 0.0099
9,10,57.6758,53.8471,Warrior,73.8270,79.1541,42.0250,4.2547,0.7393,1.9230,200,58.0876,43.0292,98.2525,87.1607,3.8882,18.2390,0.0004,0.0650,Population structure converged. Difference: 0.0099
9,11,57.6758,54.8418,Warrior,73.8270,79.1541,42.0250,4.2547,0.7393,1.9230,200,58.0876,31.0625,89.9566,74.3630,2.5235,9.9821,0.0002,0.0650,Population structure converged. Difference: 0.0099
9,12,58.0344,55.5274,Warrior,78.9074,75.6558,40.1676,4.4731,0.7961,1.9385,200,58.0876,24.3027,81.5270,63.8385,2.0346,8.4121,0.0001,0.0650,Population structure converged. Difference: 0.0099
9,13,58.0344,56.3326,Warrior,78.9074,75.6558,40.1676,4.4731,0.7961,1.9385,200,58.0876,18.0797,48.2786,42.9058,2.2338,3.2452,0.0001,0.0650,Population structure converged. Difference: 0.0099
9,14,58.0344,56.7092,Warrior,78.9074,75.6558,40.1676,4.4731,0.7961,1.9385,200,58.0876,12.2535,32.7861,30.3303,1.8919,3.1530,0.0001,0.0650,Population structure converged. Difference: 0.0099
9,15,58.0876,57.2580,Warrior,76.6034,79.1385,38.7706,4.7197,0.7677,1.9230,200,58.0876,8.9635,18.3765,12.0874,0.9621,1.7708,0.0001,0.0650,Population structure converged. Difference: 0.0099
9,16,58.0876,57.5203,Warrior,76.6034,79.1385,38.7706,4.7197,0.7677,1.9230,200,58.0876,6.5880,10.6760,9.9249,0.5797,0.5588,0.0001,0.0650,Population structure converged. Difference: 0.0099
10,0,45.9223,29.6614,Warrior,72.0859,87.9014,7.2381,27.6514,5.1232,1.8491,200,56.8401,502.5472,514.4762,591.1027,377.8044,491.5138,0.0373,0.0771,Population structure converged. Difference: 0.0056
10,1,45.9223,33.3265,Warrior,72.0859,87.9014,7.2381,27.6514,5.1232,1.8491,200,56.8401,397.7340,434.6583,396.3016,316.8191,343.1742,0.0363,0.0771,Population structure converged. Difference: 0.0056
10,2,46.1194,36.9848,Warrior,97.7882,86.4616,0.0064,8.5878,7.1560,1.7612,200,56.8401,314.7945,411.2741,394.7775,217.7601,259.4865,0.0306,0.0771,Population structure converged. Difference: 0.0056
10,3,50.2842,40.8968,Warrior,82.2558,60.6492,43.0954,2.1403,11.8592,1.8026,200,56.8401,175.5070,309.2364,342.6349,157.5401,180.3930,0.0216,0.0771,Population structure converged. Difference: 0.0056
10,4,53.6283,43.3204,Warrior,82.3223,92.6756,16.4156,3.0011,5.5854,1.8262,200,56.8401,135.9927,325.5243,278.7769,118.3672,142.0555,0.0101,0.0771,Population structure converged. Difference: 0.0056
10,5,54.0288,44.8815,Warrior,75.1432,69.6596,45.4203,4.4364,5.3405,1.8491,200,56.8401,114.3552,219.1963,292.2603,97.4629,72.0630,0.0035,0.0771,Population structure converged. Difference: 0.0056
10,6,54.6815,46.6650,Warrior,79.1855,98.1564,14.8864,2.6423,5.1294,1.8491,200,56.8401,90.7545,210.1024,294.7123,109.1475,50.9659,0.0012,0.0771,Population structure converged. Difference: 0.0056
10,7,54.6815,48.5739,Warrior,79.1855,98.1564,14.8864,2.6423,5.1294,1.8491,200,56.8401,88.7652,199.9577,304.2106,79.5108,41.0078,0.0011,0.0771,Population structure converged. Difference: 0.0056
10,8,54.6815,50.7997,Warrior,79.1855,98.1564,14.8864,2.6423,5.1294,1.8491,200,56.8401,61.4186,170.5652,270.4769,53.2449,17.8186,0.0009,0.0771,Population structure converged. Difference: 0.0056
10,9,54.8646,52.5113,Warrior,75.9619,70.4186,45.9152,2.2798,5.4245,1.8491,200,56.8401,41.1437,183.3960,214.9224,33.7731,9.6048,0.0004,0.0771,Population structure converged. Difference: 0.0056
10,10,55.4011,53.2970,Warrior,89.6312,83.0903,17.7566,3.1518,6.3701,1.8491,200,56.8401,41.9431,230.2930,231.8781,20.0862,6.9902,0.0002,0.0771,Population structure converged. Difference: 0.0056
10,11,55.5496,53.8602,Warrior,91.3547,82.5051,17.1741,3.0484,5.9177,1.8491,200,56.8401,34.9511,219.7873,216.5808,22.2388,2.2483,0.0001,0.0771,Population structure converged. Difference: 0.0056
10,12,56.6611,54.5044,Warrior,83.7746,75.6592,34.7109,1.7239,4.1314,1.8491,200,56.8401,36.6243,143.4652,159.2697,2.3119,1.6831,0.0000,0.0771,Population structure converged. Difference: 0.0056
10,13,56.6611,54.8318,Warrior,83.7746,75.6592,34.7109,1.7239,4.1314,1.8491,200,56.8401,37.5280,113.1215,141.3358,0.7199,1.3741,0.0000,0.0771,Population structure converged. Difference: 0.0056
10,14,56.6611,55.0432,Warrior,83.7746,75.6592,34.7109,1.7239,4.1314,1.8491,200,56.8401,34.6011,104.5224,112.5953,0.4605,0.7702,0.0000,0.0771,Population structure converged. Difference: 0.0056
10,15,56.8041,55.4438,Warrior,83.1365,78.9959,32.4018,1.6092,3.8566,1.8491,200,56.8401,27.8259,57.2400,80.5206,0.2675,0.7280,0.0000,0.0771,Population structure converged. Difference: 0.0056
10,16,56.8401,55.7049,Warrior,84.7527,76.6435,33.0317,1.6405,3.9316,1.8491,200,56.8401,23.2058,41.2235,85.3161,0.2761,0.5838,0.0000,0.0771,Population structure converged. Difference: 0.0056
10,17,56.8401,56.0388,Warrior,84.7527,76.6435,33.0317,1.6405,3.9316,1.8491,200,56.8401,12.4237,39.1833,85.6633,0.3750,0.7145,0.0000,0.0771,Population structure converged. Difference: 0.0056
10,18,56.8733,56.3069,Warrior,84.2044,78.0595,32.2893,1.6036,3.8432,1.8491,200,56.8401,7.5125,32.4924,66.5772,0.3624,0.6246,0.0000,0.0771,Population structure converged. Difference: 0.0056
10,19,56.8401,56.5231,Warrior,84.7527,76.6435,33.0317,1.6405,3.9316,1.8491,200,56.8401,6.1783,21.2466,40.0923,0.2381,0.2479,0.0000,0.0771,Population structure converged. Difference: 0.0056
11,0,41.2648,29.5511,Warrior,59.4060,63.4738,30.8745,35.9800,10.2657,1.8687,200,57.8726,348.1469,309.6431,304.6395,312.0256,376.9813,0.0527,0.0853,Population structure converged. Difference: 0.0092
11,1,47.0559,32.3572,Warrior,76.8926,74.8435,19.9035,11.8456,16.5148,1.9870,200,57.8726,162.2813,270.9289,260.2610,252.2566,342.6201,0.0468,0.0853,Population structure converged. Difference: 0.0092
11,2,47.0559,35.4286,Warrior,76.8926,74.8435,19.9035,11.8456,16.5148,1.9870,200,57.8726,124.2808,215.9204,232.3366,238.0149,215.3814,0.0390,0.0853,Population structure converged. Difference: 0.0092
11,3,47.0559,37.6774,Warrior,76.8926,74.8435,19.9035,11.8456,16.5148,1.9870,200,57.8726,104.2361,135.4115,180.6290,204.8746,168.8801,0.0305,0.0853,Population structure converged. Difference: 0.0092
11,4,51.7164,39.7464,Warrior,79.3726,77.2575,20.5455,12.2276,10.5968,1.8687,200,57.8726,119.5072,157.1901,162.4368,162.3894,187.3299,0.0272,0.0853,Population structure converged. Difference: 0.0092
11,5,51.8048,41.3490,Warrior,75.1151,73.1134,30.1714,11.5717,10.0284,1.8687,200,57.8726,93.9536,169.0633,150.1875,149.7970,173.4803,0.0171,0.0853,Population structure converged. Difference: 0.0092
11,6,51.8048,43.5335,Warrior,75.1151,73.1134,30.1714,11.5717,10.0284,1.8687,200,57.8726,79.5988,194.4946,163.0874,112.5729,150.9529,0.0082,0.0853,Population structure converged. Difference: 0.0092
11,7,55.2508,45.7311,Warrior,78.8415,76.7405,31.6682,2.2239,10.5259,1.8687,200,57.8726,66.7135,146.2956,146.1736,57.5554,81.9446,0.0066,0.0853,Population structure converged. Difference: 0.0092
11,8,51.9610,46.9606,Warrior,76.2152,72.4693,29.9056,11.4698,9.9400,1.8687,200,57.8726,55.5997,100.5602,103.8037,41.4267,71.9347,0.0058,0.0853,Population structure converged. Difference: 0.0092
11,9,52.8612,49.4055,Warrior,75.1151,73.1134,30.1714,11.5717,10.0284,1.9242,200,57.8726,30.4146,61.0769,80.4805,21.1481,50.3510,0.0039,0.0853,Population structure converged. Difference: 0.0092
11,10,53.3570,50.4138,Warrior,90.7954,62.9934,34.4104,2.6118,9.1889,1.9754,200,57.8726,30.0375,56.4585,78.3881,9.5413,29.5378,0.0024,0.0853,Population structure converged. Difference: 0.0092
11,11,53.8978,51.3572,Warrior,80.3377,78.6413,20.9135,2.7547,17.3528,1.9242,200,57.8726,19.2310,45.9138,65.1051,10.8729,10.6621,0.0018,0.0853,Population structure converged. Difference: 0.0092
11,12,53.8978,51.9520,Warrior,80.3377,78.6413,20.9135,2.7547,17.3528,1.9242,200,57.8726,24.5681,30.9658,63.3412,14.4768,9.9027,0.0017,0.0853,Population structure converged. Difference: 0.0092
11,13,56.9704,52.6764,Warrior,78.6040,76.9442,33.6550,2.5545,8.2424,1.9242,200,57.8726,28.8031,45.9492,92.6891,20.5422,10.7071,0.0014,0.0853,Population structure converged. Difference: 0.0092
11,14,57.0079,53.3722,Warrior,78.7373,77.0747,33.4552,2.5393,8.1934,1.9242,200,57.8726,22.7612,33.9593,72.5802,22.4959,12.9028,0.0010,0.0853,Population structure converged. Difference: 0.0092
11,15,57.0250,54.2103,Warrior,84.1719,82.3945,21.9116,2.8862,8.6357,1.9242,200,57.8726,15.7926,42.9034,108.6620,20.6402,9.7277,0.0008,0.0853,Population structure converged. Difference: 0.0092
11,16,57.3329,55.2543,Warrior,84.5402,82.7550,22.0074,2.3676,8.3297,1.9242,200,57.8726,14.9281,32.0159,78.5708,12.9401,8.3781,0.0004,0.0853,Population structure converged. Difference: 0.0092
11,17,57.7029,55.7677,Warrior,85.0151,83.2199,22.1311,2.7989,6.8350,1.9242,200,57.8726,11.7717,21.5158,54.3210,6.9027,7.3861,0.0005,0.0853,Population structure converged. Difference: 0.0092
11,18,57.7029,56.3397,Warrior,85.0151,83.2199,22.1311,2.7989,6.8350,1.9242,200,57.8726,7.0212,9.1033,31.2341,5.7975,4.2006,0.0003,0.0853,Population structure converged. Difference: 0.0092
11,19,57.7029,56.6395,Warrior,85.0151,83.2199,22.1311,2.7989,6.8350,1.9242,200,57.8726,8.9005,11.0151,30.4843,4.3536,4.2029,0.0001,0.0853,Population structure converged. Difference: 0.0092
11,20,57.8726,57.0949,Warrior,86.9825,80.8478,22.7310,2.4455,6.9932,1.9242,200,57.8726,7.8100,9.9040,25.6838,0.9816,1.9559,0.0001,0.0853,Population structure converged. Difference: 0.0092
11,21,57.8726,57.3438,Warrior,86.9825,80.8478,22.7310,2.4455,6.9932,1.9242,200,57.8726,5.8502,9.3838,19.1748,0.0399,0.6852,0.0000,0.0853,Population structure converged. Difference: 0.0092
12,0,48.3958,30.0874,Warrior,86.8549,54.8186,51.2672,6.3810,0.6784,1.4396,200,58.7048,428.2296,340.5242,533.5076,380.2627,460.7576,0.0466,0.0526,Population structure converged. Difference: 0.0094
12,1,48.3958,32.7587,Warrior,86.8549,54.8186,51.2672,6.3810,0.6784,1.4396,200,58.7048,407.1431,417.7737,644.1981,267.8859,535.8198,0.0499,0.0526,Population structure converged. Difference: 0.0094
12,2,54.6964,35.9169,Warrior,107.4019,67.7869,16.0818,7.8905,0.8389,1.8777,200,58.7048,540.0972,601.3683,822.4903,240.5704,571.3056,0.0454,0.0526,Population structure converged. Difference: 0.0094
12,3,54.9643,40.6377,Warrior,81.6569,86.6336,20.5530,10.0843,1.0721,1.9600,200,58.7048,532.1314,672.1267,574.2459,178.9604,325.0128,0.0426,0.0526,Population structure converged. Difference: 0.0094
12,4,54.6964,45.0178,Warrior,107.4019,67.7869,16.0818,7.8905,0.8389,1.8777,200,58.7048,391.4360,528.5550,401.4877,57.6503,110.8803,0.0476,0.0526,Population structure converged. Difference: 0.0094
12,5,56.8757,47.8562,Warrior,89.1687,92.2542,9.0434,8.6176,0.9162,1.9052,200,58.7048,329.7146,237.0321,247.8441,50.4263,80.6687,0.0467,0.0526,Population structure converged. Difference: 0.0094
12,6,57.1318,49.8409,Warrior,89.0645,81.2109,19.2665,9.4531,1.0050,1.9052,200,58.7048,264.1803,219.3549,192.3703,41.1925,86.4034,0.0322,0.0526,Population structure converged. Difference: 0.0094
12,7,57.3054,51.7118,Warrior,84.2407,69.8368,36.9291,8.1291,0.8642,1.9052,200,58.7048,244.3311,198.1179,171.8755,20.3699,38.6597,0.0303,0.0526,Population structure converged. Difference: 0.0094
12,8,57.1318,53.6819,Warrior,89.0645,81.2109,19.2665,9.4531,1.0050,1.9052,200,58.7048,138.6623,110.2377,129.7893,16.0106,14.0309,0.0225,0.0526,Population structure converged. Difference: 0.0094
12,9,58.1445,55.1715,Warrior,90.2832,82.3221,19.5302,7.1087,0.7557,1.9052,200,58.7048,90.0015,65.9956,52.3584,5.3585,2.2233,0.0110,0.0526,Population structure converged. Difference: 0.0094
12,10,58.1445,56.3887,Warrior,90.2832,82.3221,19.5302,7.1087,0.7557,1.9052,200,58.7048,75.9252,52.2930,57.8427,2.5234,0.0134,0.0002,0.0526,Population structure converged. Difference: 0.0094
12,11,58.7048,56.9798,Warrior,90.9588,82.9382,19.6763,5.8092,0.6176,1.9052,200,58.7048,57.4892,34.8300,55.4394,1.7746,0.0202,0.0002,0.0526,Population structure converged. Difference: 0.0094
12,12,58.7048,57.4850,Warrior,90.9588,82.9382,19.6763,5.8092,0.6176,1.9052,200,58.7048,36.1644,32.8254,60.2324,1.8643,0.0251,0.0002,0.0526,Population structure converged. Difference: 0.0094
12,13,58.7048,57.8125,Warrior,90.9588,82.9382,19.6763,5.8092,0.6176,1.9052,200,58.7048,32.4253,33.5742,63.8247,1.5733,0.0296,0.0002,0.0526,Population structure converged. Difference: 0.0094
12,14,58.7048,58.1556,Warrior,90.9588,82.9382,19.6763,5.8092,0.6176,1.9052,200,58.7048,15.3483,32.9746,58.3270,1.0088,0.0305,0.0001,0.0526,Population structure converged. Difference: 0.0094
13,0,45.4538,31.4417,Warrior,64.1694,53.7231,63.4364,0.4286,18.2425,1.7991,200,59.6092,293.9952,202.9196,487.0127,529.7762,332.0351,0.0254,0.0840,Population structure converged. Difference: 0.0065
13,1,45.4538,35.6846,Warrior,64.1694,53.7231,63.4364,0.4286,18.2425,1.7991,200,59.6092,206.7320,196.1571,410.4688,281.3079,264.2524,0.0226,0.0840,Population structure converged. Difference: 0.0065
13,2,47.5890,38.3384,Warrior,69.9361,58.2846,69.0265,0.4663,2.2864,1.7718,200,59.6092,123.7833,207.9200,498.6392,220.6151,236.8761,0.0177,0.0840,Population structure converged. Difference: 0.0065
13,3,47.5890,40.6517,Warrior,69.9361,58.2846,69.0265,0.4663,2.2864,1.7718,200,59.6092,108.6746,181.1773,468.7438,155.2732,163.5149,0.0178,0.0840,Population structure converged. Difference: 0.0065
13,4,50.3398,43.2641,Warrior,71.9062,77.0717,39.1816,1.1287,10.7118,1.7991,200,59.6092,79.6880,173.8219,462.2479,144.3587,94.1758,0.0123,0.0840,Population structure converged. Difference: 0.0065
13,5,50.4536,44.8888,Warrior,63.0288,71.4748,50.6026,0.3419,14.5519,1.8512,200,59.6092,59.6857,147.7848,411.8503,126.6473,65.3080,0.0065,0.0840,Population structure converged. Difference: 0.0065
13,6,50.6439,46.6040,Warrior,79.1760,65.2807,52.4269,0.5279,2.5885,1.7718,200,59.6092,46.3974,166.3670,484.4522,98.8607,58.2829,0.0018,0.0840,Population structure converged. Difference: 0.0065
13,7,51.8110,47.9442,Warrior,76.1563,63.7586,56.9862,0.5660,2.5329,1.7991,200,59.6092,42.3733,162.4645,454.6237,69.1976,57.0440,0.0016,0.0840,Population structure converged. Difference: 0.0065
13,8,57.7828,48.7280,Warrior,76.0855,70.8108,50.1325,0.3387,2.6325,1.8823,200,59.6092,51.3778,170.2601,435.4014,68.7725,47.5192,0.0018,0.0840,Population structure converged. Difference: 0.0065
13,9,57.7828,50.2079,Warrior,76.0855,70.8108,50.1325,0.3387,2.6325,1.8823,200,59.6092,77.3023,173.1959,371.3525,48.2244,36.7736,0.0022,0.0840,Population structure converged. Difference: 0.0065
13,10,57.7828,51.7202,Warrior,76.0855,70.8108,50.1325,0.3387,2.6325,1.8823,200,59.6092,75.6014,157.4372,387.0297,45.6613,19.7872,0.0018,0.0840,Population structure converged. Difference: 0.0065
13,11,57.7828,53.8395,Warrior,76.0855,70.8108,50.1325,0.3387,2.6325,1.8823,200,59.6092,95.7544,244.2101,484.8487,11.6939,8.0778,0.0016,0.0840,Population structure converged. Difference: 0.0065
13,12,58.6238,54.8829,Warrior,77.9013,78.9110,40.1167,0.5046,2.5665,1.8823,200,59.6092,91.7975,303.5005,536.1728,9.6353,4.9656,0.0011,0.0840,Population structure converged. Difference: 0.0065
13,13,58.1583,55.5486,Warrior,75.7667,80.0524,40.6970,0.3971,3.0868,1.8823,200,59.6092,73.9691,252.2401,443.0318,0.0303,4.3025,0.0010,0.0840,Population structure converged. Difference: 0.0065
13,14,58.9357,56.6504,Warrior,80.4193,76.8848,39.5733,0.3931,2.7296,1.8823,200,59.6092,51.9134,169.8973,337.6785,0.0177,1.4453,0.0005,0.0840,Population structure converged. Difference: 0.0065
13,15,58.9357,57.4172,Warrior,80.4193,76.8848,39.5733,0.3931,2.7296,1.8823,200,59.6092,35.0373,91.4259,193.7157,0.0158,0.3560,0.0002,0.0840,Population structure converged. Difference: 0.0065
13,16,59.3425,57.7533,Warrior,84.0433,78.2170,34.4952,0.3366,2.9078,1.8823,200,59.6092,36.6146,58.7865,133.4074,0.0091,0.0942,0.0001,0.0840,Population structure converged. Difference: 0.0065
13,17,59.3425,58.0889,Warrior,84.0433,78.2170,34.4952,0.3366,2.9078,1.8823,200,59.6092,31.9724,50.7266,112.2521,0.0100,0.0989,0.0000,0.0840,Population structure converged. Difference: 0.0065
13,18,59.3652,58.4162,Warrior,88.8577,71.6169,36.4086,0.3553,2.7615,1.8823,200,59.6092,30.1058,56.4257,95.7446,0.0141,0.1170,0.0000,0.0840,Population structure converged. Difference: 0.0065
13,19,59.3937,58.7290,Warrior,84.0772,78.2485,34.5881,0.3560,2.7302,1.8823,200,59.6092,26.5287,28.2068,36.4657,0.0034,0.0473,0.0000,0.0840,Population structure converged. Difference: 0.0065
13,20,59.6092,58.9842,Warrior,88.6458,75.2081,33.2442,0.3244,2.5775,1.8823,200,59.6092,26.1227,18.9269,22.1532,0.0006,0.0326,0.0000,0.0840,Population structure converged. Difference: 0.0065
13,21,59.6092,59.2271,Warrior,88.6458,75.2081,33.2442,0.3244,2.5775,1.8823,200,59.6092,16.3616,14.6882,10.2157,0.0005,0.0223,0.0000,0.0840,Population structure converged. Difference: 0.0065
14,0,52.7391,31.8086,Warrior,104.3071,69.3195,22.8102,1.5029,2.0603,1.9938,200,59.8358,443.5964,345.0822,394.0746,357.9901,390.2973,0.0423,0.0521,Population structure converged. Difference: 0.0079
14,1,52.7391,36.2607,Warrior,104.3071,69.3195,22.8102,1.5029,2.0603,1.9938,200,59.8358,323.3825,271.2306,262.2769,361.2639,358.2379,0.0361,0.0521,Population structure converged. Difference: 0.0079
14,2,53.6666,40.9794,Warrior,84.4322,83.7168,27.5478,1.8150,2.4882,1.9938,200,59.8358,345.3126,192.7935,205.1743,435.6184,268.7033,0.0225,0.0521,Population structure converged. Difference: 0.0079
14,3,57.0412,44.9500,Warrior,102.6427,68.2133,22.4462,1.4789,5.2189,1.8867,200,59.8358,394.8539,142.8575,147.9877,314.6059,195.1908,0.0201,0.0521,Population structure converged. Difference: 0.0079
14,4,57.0412,49.4192,Warrior,102.6427,68.2133,22.4462,1.4789,5.2189,1.8867,200,59.8358,398.4949,103.4185,136.7131,104.0695,126.9539,0.0116,0.0521,Population structure converged. Difference: 0.0079
14,5,57.8813,51.6895,Warrior,77.4158,90.5147,26.9798,2.1468,2.9431,1.8867,200,59.8358,317.0866,78.6306,121.4658,45.6764,59.2556,0.0074,0.0521,Population structure converged. Difference: 0.0079
14,6,58.1060,53.3895,Warrior,104.3071,69.3195,22.8102,1.5029,2.0603,1.8867,200,59.8358,205.9867,67.5988,98.5029,28.6015,32.8071,0.0058,0.0521,Population structure converged. Difference: 0.0079
14,7,59.1845,55.1161,Warrior,96.0756,75.3012,24.7786,1.6065,2.2381,1.8867,200,59.8358,155.9910,91.1910,52.7137,13.6244,12.9305,0.0030,0.0521,Population structure converged. Difference: 0.0079
14,8,59.1845,56.6917,Warrior,96.0756,75.3012,24.7786,1.6065,2.2381,1.8867,200,59.8358,120.9410,96.1666,61.1094,0.1636,5.1222,0.0013,0.0521,Population structure converged. Difference: 0.0079
14,9,59.1845,57.2787,Warrior,96.0756,75.3012,24.7786,1.6065,2.2381,1.8867,200,59.8358,120.1052,86.1114,68.0348,0.1665,4.9679,0.0003,0.0521,Population structure converged. Difference: 0.0079
14,10,59.1563,57.8913,Warrior,88.7154,82.1712,24.4928,1.9489,2.6718,1.8867,200,59.8358,107.0237,73.4372,50.8057,0.1874,2.3670,0.0001,0.0521,Population structure converged. Difference: 0.0079
14,11,59.8358,58.4993,Warrior,91.1804,80.4951,25.4869,1.1968,1.6407,1.8867,200,59.8358,69.3823,49.9268,13.8926,0.1351,1.7784,0.0000,0.0521,Population structure converged. Difference: 0.0079
14,12,59.8358,58.8573,Warrior,91.1804,80.4951,25.4869,1.1968,1.6407,1.8867,200,59.8358,46.0750,37.6666,7.7737,0.1055,1.2292,0.0000,0.0521,Population structure converged. Difference: 0.0079
14,13,59.8358,59.1501,Warrior,91.1804,80.4951,25.4869,1.1968,1.6407,1.8867,200,59.8358,29.2444,20.8863,8.4816,0.0939,0.5138,0.0000,0.0521,Population structure converged. Difference: 0.0079
14,14,59.8358,59.3692,Warrior,91.1804,80.4951,25.4869,1.1968,1.6407,1.8867,200,59.8358,16.8427,11.8666,7.6389,0.1119,0.2586,0.0000,0.0521,Population structure converged. Difference: 0.0079
15,0,45.9076,28.3574,Warrior,78.1921,65.6736,46.9348,7.5766,1.6229,1.5452,200,56.7402,355.5383,456.4175,357.9225,438.6976,406.6549,0.0428,0.0678,Population structure converged. Difference: 0.0085
15,1,45.9076,31.8885,Warrior,78.1921,65.6736,46.9348,7.5766,1.6229,1.5452,200,56.7402,321.0933,408.5075,263.5194,341.3415,456.1162,0.0425,0.0678,Population structure converged. Difference: 0.0085
15,2,45.9076,36.8083,Warrior,78.1921,65.6736,46.9348,7.5766,1.6229,1.5452,200,56.7402,174.2951,219.3306,218.0706,177.5172,297.6514,0.0481,0.0678,Population structure converged. Difference: 0.0085
15,3,45.9076,39.7157,Warrior,78.1921,65.6736,46.9348,7.5766,1.6229,1.5452,200,56.7402,136.3684,142.6193,186.3411,124.4026,207.5875,0.0516,0.0678,Population structure converged. Difference: 0.0085
15,4,54.4535,42.5887,Warrior,69.1910,70.5266,50.4030,8.1365,1.7428,1.9030,200,56.7402,87.5974,72.1825,121.1812,70.3536,166.8637,0.0491,0.0678,Population structure converged. Difference: 0.0085
15,5,54.4535,44.8497,Warrior,69.1910,70.5266,50.4030,8.1365,1.7428,1.9030,200,56.7402,44.9607,46.0113,84.5880,35.6097,87.6273,0.0389,0.0678,Population structure converged. Difference: 0.0085
15,6,54.4535,45.6765,Warrior,69.1910,70.5266,50.4030,8.1365,1.7428,1.9030,200,56.7402,69.2094,48.7229,64.9653,24.7630,58.2186,0.0407,0.0678,Population structure converged. Difference: 0.0085
15,7,55.1768,47.1194,Warrior,72.4063,68.7254,49.1158,7.9287,1.8238,1.9030,200,56.7402,50.6525,46.1218,57.7569,16.8893,36.2771,0.0447,0.0678,Population structure converged. Difference: 0.0085
15,8,55.5026,49.1214,Warrior,74.6679,67.3479,48.1313,8.1148,1.7382,1.9030,200,56.7402,39.0112,32.1318,43.7396,13.5202,18.7635,0.0405,0.0678,Population structure converged. Difference: 0.0085
15,9,55.6324,51.5654,Warrior,72.0158,80.1870,37.4319,8.0629,2.3023,1.9030,200,56.7402,17.2281,19.5402,27.4861,5.7217,4.9647,0.0260,0.0678,Population structure converged. Difference: 0.0085
15,10,56.2540,53.7035,Warrior,76.1889,72.6655,41.2379,8.1341,1.7736,1.9030,200,56.7402,8.7408,13.8225,20.9932,0.6149,1.0655,0.0075,0.0678,Population structure converged. Difference: 0.0085
15,11,56.3425,54.4856,Warrior,75.4593,78.0799,36.4483,8.2461,1.7663,1.9030,200,56.7402,6.0756,15.1146,20.4933,0.5742,1.9362,0.0032,0.0678,Population structure converged. Difference: 0.0085
15,12,56.3425,55.0230,Warrior,75.4593,78.0799,36.4483,8.2461,1.7663,1.9030,200,56.7402,5.8508,20.5199,23.1370,0.4943,0.9465,0.0016,0.0678,Population structure converged. Difference: 0.0085
15,13,56.4954,55.4702,Warrior,79.4690,71.6783,38.3661,8.6365,1.8500,1.9030,200,56.7402,5.1142,29.0517,29.5462,0.3347,0.0554,0.0000,0.0678,Population structure converged. Difference: 0.0085
15,14,56.5880,55.7642,Warrior,75.6901,78.3188,36.5598,7.6595,1.7717,1.9030,200,56.7402,5.8291,25.9177,24.8875,0.1781,0.0627,0.0000,0.0678,Population structure converged. Difference: 0.0085
15,15,56.6316,55.9151,Warrior,76.0180,78.0994,36.4574,7.7624,1.6627,1.9030,200,56.7402,5.2551,22.1497,24.3904,0.1446,0.0538,0.0000,0.0678,Population structure converged. Difference: 0.0085
15,16,56.7402,56.1729,Warrior,75.9941,78.3218,36.5612,7.4215,1.7014,1.9030,200,56.7402,4.8922,15.5986,17.6349,0.1756,0.0369,0.0000,0.0678,Population structure converged. Difference: 0.0085
15,17,56.7402,56.2624,Warrior,75.9941,78.3218,36.5612,7.4215,1.7014,1.9030,200,56.7402,5.3161,11.3379,12.0492,0.1523,0.0480,0.0000,0.0678,Population structure converged. Difference: 0.0085
16,0,49.0778,30.1807,Warrior,68.5910,77.0953,24.3560,10.8042,19.1535,1.8805,200,54.0381,325.6192,354.4522,487.5440,422.0114,414.7796,0.0382,0.0561,Population structure converged. Difference: 0.0075
16,1,49.0778,34.3305,Warrior,68.5910,77.0953,24.3560,10.8042,19.1535,1.8805,200,54.0381,246.5519,291.0581,310.6259,271.0213,312.5448,0.0364,0.0561,Population structure converged. Difference: 0.0075
16,2,49.0778,37.4592,Warrior,68.5910,77.0953,24.3560,10.8042,19.1535,1.8805,200,54.0381,246.3269,246.7577,263.0520,222.4632,217.3927,0.0279,0.0561,Population structure converged. Difference: 0.0075
16,3,50.5139,40.4180,Warrior,63.5121,63.6083,56.2184,9.5956,7.0657,1.9345,200,54.0381,171.3385,105.3804,241.1550,127.2920,79.0564,0.0254,0.0561,Population structure converged. Difference: 0.0075
16,4,52.4137,43.2521,Warrior,72.1955,77.8796,28.9296,12.8330,8.1624,1.9345,200,54.0381,122.6703,91.4038,221.0913,77.7422,44.2517,0.0191,0.0561,Population structure converged. Difference: 0.0075
16,5,50.5139,45.0902,Warrior,63.5121,63.6083,56.2184,9.5956,7.0657,1.9345,200,54.0381,77.6592,79.8712,238.4122,75.5619,33.4757,0.0120,0.0561,Population structure converged. Difference: 0.0075
16,6,53.2515,46.8897,Warrior,74.2465,80.1622,26.3642,11.6950,7.5320,1.9345,200,54.0381,50.2775,81.8292,212.2922,51.5590,28.5237,0.0070,0.0561,Population structure converged. Difference: 0.0075
16,7,53.4786,48.7890,Warrior,78.3388,72.8075,30.1189,9.9239,8.8110,1.8805,200,54.0381,39.7054,65.7543,187.0436,9.1874,25.0478,0.0031,0.0561,Population structure converged. Difference: 0.0075
16,8,53.6562,50.3024,Warrior,74.6440,80.5914,26.5615,10.6307,7.5724,1.9345,200,54.0381,36.1142,76.7189,176.0764,7.7474,10.7648,0.0019,0.0561,Population structure converged. Difference: 0.0075
16,9,53.6562,51.1831,Warrior,74.6440,80.5914,26.5615,10.6307,7.5724,1.9345,200,54.0381,32.3369,82.0261,148.3309,3.1064,4.8744,0.0008,0.0561,Population structure converged. Difference: 0.0075
16,10,53.6562,51.9800,Warrior,74.6440,80.5914,26.5615,10.6307,7.5724,1.9345,200,54.0381,28.0849,58.3646,112.8100,3.1455,3.1325,0.0008,0.0561,Population structure converged. Difference: 0.0075
16,11,53.6871,52.5469,Warrior,76.9927,72.7441,31.4873,10.9652,7.8106,1.9345,200,54.0381,17.7064,40.7684,72.0859,1.8126,4.1964,0.0007,0.0561,Population structure converged. Difference: 0.0075
16,12,54.0351,53.1983,Warrior,76.8702,79.1602,26.0898,10.4419,7.4379,1.9345,200,54.0381,6.7276,20.6850,27.2751,1.1342,0.6917,0.0005,0.0561,Population structure converged. Difference: 0.0075
16,13,54.0351,53.4987,Warrior,76.8702,79.1602,26.0898,10.4419,7.4379,1.9345,200,54.0381,4.0986,14.3928,17.2814,0.4031,0.2545,0.0002,0.0561,Population structure converged. Difference: 0.0075
16,14,54.0381,53.6339,Warrior,74.0845,79.9873,29.0434,9.4217,7.4631,1.9345,200,54.0381,4.2703,12.2722,12.2630,0.2832,0.1831,0.0001,0.0561,Population structure converged. Difference: 0.0075
17,0,47.0991,31.5799,Warrior,69.3030,47.7508,72.3032,3.5679,7.0751,1.8158,200,53.9045,485.9666,420.6334,508.9687,250.8188,407.8368,0.0391,0.0597,Population structure converged. Difference: 0.0086
17,1,47.0991,35.0837,Warrior,69.3030,47.7508,72.3032,3.5679,7.0751,1.8158,200,53.9045,295.4614,293.1728,561.7558,281.0072,209.6757,0.0445,0.0597,Population structure converged. Difference: 0.0086
17,2,49.3411,38.9305,Warrior,84.6100,49.9788,50.7483,4.9155,9.7475,1.8158,200,53.9045,197.0041,211.0232,528.4294,261.1765,202.3423,0.0332,0.0597,Population structure converged. Difference: 0.0086
17,3,50.9080,41.7207,Warrior,87.0207,92.0276,6.7968,5.6085,8.5464,1.8158,200,53.9045,163.2059,180.1931,568.8616,220.9685,202.3504,0.0245,0.0597,Population structure converged. Difference: 0.0086
17,4,51.0134,44.8327,Warrior,87.1826,92.1988,6.8095,5.6189,8.1903,1.8158,200,53.9045,78.2393,178.8188,494.2471,174.0610,74.4839,0.0152,0.0597,Population structure converged. Difference: 0.0086
17,5,51.0134,47.0537,Warrior,87.1826,92.1988,6.8095,5.6189,8.1903,1.8158,200,53.9045,85.0583,201.7954,360.5847,73.6132,28.1309,0.0084,0.0597,Population structure converged. Difference: 0.0086
17,6,52.2802,48.5681,Warrior,77.9396,75.5721,35.0776,3.8253,7.5855,1.8158,200,53.9045,99.1502,267.0812,444.6300,21.0035,11.4948,0.0040,0.0597,Population structure converged. Difference: 0.0086
17,7,52.7587,49.9131,Warrior,79.7775,75.1114,34.8638,3.8019,6.4454,1.8158,200,53.9045,85.3930,305.1672,520.1200,4.1611,4.2438,0.0006,0.0597,Population structure converged. Difference: 0.0086
17,8,53.3944,50.3762,Warrior,79.3371,76.9271,35.7066,2.6916,5.3376,1.8158,200,53.9045,70.3553,300.5837,466.1196,1.2137,2.2064,0.0000,0.0597,Population structure converged. Difference: 0.0086
17,9,53.3944,50.9713,Warrior,79.3371,76.9271,35.7066,2.6916,5.3376,1.8158,200,53.9045,61.4129,216.1515,366.0756,1.3528,2.6535,0.0000,0.0597,Population structure converged. Difference: 0.0086
17,10,53.3944,51.4632,Warrior,79.3371,76.9271,35.7066,2.6916,5.3376,1.8158,200,53.9045,63.2314,135.2231,265.1716,1.0963,1.5802,0.0000,0.0597,Population structure converged. Difference: 0.0086
17,11,53.4182,52.1607,Warrior,79.8783,76.0876,35.9501,2.7100,5.3740,1.8158,200,53.9045,20.0171,86.2424,151.8908,0.8747,1.5639,0.0000,0.0597,Population structure converged. Difference: 0.0086
17,12,53.5466,52.6082,Warrior,81.2051,78.7384,31.8383,2.7550,5.4633,1.8158,200,53.9045,18.6937,40.7429,75.4614,0.5924,1.2190,0.0000,0.0597,Population structure converged. Difference: 0.0086
17,13,53.5466,52.9030,Warrior,81.2051,78.7384,31.8383,2.7550,5.4633,1.8158,200,53.9045,20.7316,20.9455,42.8608,0.5944,1.0071,0.0000,0.0597,Population structure converged. Difference: 0.0086
17,14,53.8314,53.2171,Warrior,84.7873,73.4524,34.0937,2.5701,5.0965,1.8158,200,53.9045,4.9687,8.5984,14.3439,0.3117,0.4286,0.0000,0.0597,Population structure converged. Difference: 0.0086
17,15,53.9045,53.3350,Warrior,88.5567,71.0493,32.9783,2.4860,4.9298,1.8158,200,53.9045,3.3116,2.2129,1.7224,0.1346,0.3290,0.0000,0.0597,Population structure converged. Difference: 0.0086
17,16,53.9045,53.4431,Warrior,88.5567,71.0493,32.9783,2.4860,4.9298,1.8158,200,53.9045,4.5781,2.7288,2.1630,0.0540,0.2039,0.0000,0.0597,Population structure converged. Difference: 0.0086
18,0,42.7072,29.9989,Warrior,72.2720,39.2879,45.3938,16.1775,26.8688,1.9500,200,57.9576,335.1502,387.6970,486.3981,423.6358,379.9816,0.0328,0.0830,Population structure converged. Difference: 0.0074
18,1,42.9310,33.5494,Warrior,101.1022,40.0157,44.2089,9.1045,5.5686,1.7623,200,57.9576,257.3278,297.7658,490.2771,296.3154,287.7862,0.0324,0.0830,Population structure converged. Difference: 0.0074
18,2,45.4038,36.6724,Warrior,83.3189,62.3509,21.1233,26.8863,6.3207,1.8330,200,57.9576,220.7728,267.6607,428.0384,168.6661,237.0404,0.0317,0.0830,Population structure converged. Difference: 0.0074
18,3,46.5835,39.2239,Warrior,78.9262,42.9052,49.5733,17.6669,10.9284,1.9500,200,57.9576,260.0609,202.8276,325.2565,122.4551,176.3862,0.0255,0.0830,Population structure converged. Difference: 0.0074
18,4,49.9856,40.9033,Warrior,68.8793,64.6332,52.3503,8.7719,5.3652,1.8330,200,57.9576,274.4453,198.6889,236.5272,96.9744,100.1542,0.0127,0.0830,Population structure converged. Difference: 0.0074
18,5,50.9663,43.1237,Warrior,74.1494,62.0354,50.2462,8.4194,5.1496,1.8330,200,57.9576,207.7852,160.4949,174.6783,101.4757,44.9604,0.0078,0.0830,Population structure converged. Difference: 0.0074
18,6,52.8227,45.2126,Warrior,68.8793,64.6332,52.3503,8.7719,5.3652,1.8974,200,57.9576,182.5977,136.5844,167.5211,90.2691,18.9551,0.0064,0.0830,Population structure converged. Difference: 0.0074
18,7,53.3223,47.3153,Warrior,70.3043,63.2186,54.8840,2.8716,8.7215,1.9500,200,57.9576,156.6950,106.3887,152.7197,39.7377,14.1188,0.0057,0.0830,Population structure converged. Difference: 0.0074
18,8,53.3223,48.7344,Warrior,70.3043,63.2186,54.8840,2.8716,8.7215,1.9500,200,57.9576,95.3918,65.6402,136.5017,23.2714,9.5763,0.0050,0.0830,Population structure converged. Difference: 0.0074
18,9,54.4570,49.9512,Warrior,71.6387,64.4185,55.9257,2.9261,5.0911,1.9500,200,57.9576,79.5483,49.6175,142.1462,9.1664,5.3804,0.0047,0.0830,Population structure converged. Difference: 0.0074
18,10,54.8002,51.2325,Warrior,81.5615,73.3412,30.5310,8.7700,5.7962,1.9500,200,57.9576,67.6560,39.3932,169.6963,11.6550,2.8031,0.0041,0.0830,Population structure converged. Difference: 0.0074
18,11,55.6455,52.2367,Warrior,79.6731,60.3864,52.4251,2.7430,4.7724,1.9500,200,57.9576,57.9107,30.5019,180.3948,15.1163,3.5526,0.0042,0.0830,Population structure converged. Difference: 0.0074
18,12,57.2859,53.0458,Warrior,90.4098,73.5381,27.7431,3.0327,5.2764,1.9500,200,57.9576,46.1975,28.0222,165.6001,14.8619,3.9785,0.0033,0.0830,Population structure converged. Difference: 0.0074
18,13,57.2859,53.7928,Warrior,90.4098,73.5381,27.7431,3.0327,5.2764,1.9500,200,57.9576,34.7606,23.4493,110.0255,10.1546,3.3548,0.0022,0.0830,Population structure converged. Difference: 0.0074
18,14,57.2859,54.5270,Warrior,90.4098,73.5381,27.7431,3.0327,5.2764,1.9500,200,57.9576,29.3694,24.5988,94.4637,5.9351,2.4373,0.0013,0.0830,Population structure converged. Difference: 0.0074
18,15,57.3875,55.1602,Warrior,83.4008,76.7727,31.9595,2.8713,4.9957,1.9500,200,57.9576,31.5614,38.8643,101.0008,4.3948,1.6976,0.0011,0.0830,Population structure converged. Difference: 0.0074
18,16,57.6429,55.6843,Warrior,90.8743,73.9159,27.8856,2.6732,4.6510,1.9500,200,57.9576,34.2803,49.2791,122.6581,2.3731,1.3689,0.0012,0.0830,Population structure converged. Difference: 0.0074
18,17,57.8489,56.2835,Warrior,91.1825,74.1666,27.9802,3.0586,3.6122,1.9500,200,57.9576,35.7259,51.0509,126.3114,0.7705,0.9321,0.0007,0.0830,Population structure converged. Difference: 0.0074
18,18,57.9275,56.6827,Warrior,91.2767,74.2432,28.0091,2.8680,3.6030,1.9500,200,57.9576,31.8775,32.3032,95.2725,1.0952,0.8256,0.0005,0.0830,Population structure converged. Difference: 0.0074
18,19,57.9275,57.1573,Warrior,91.2767,74.2432,28.0091,2.8680,3.6030,1.9500,200,57.9576,26.8230,23.7242,55.7340,0.0430,0.6640,0.0003,0.0830,Population structure converged. Difference: 0.0074
18,20,57.9576,57.5310,Warrior,88.7083,72.1541,32.9104,2.7131,3.5142,1.9500,200,57.9576,10.7857,8.9619,9.6583,0.0361,0.6083,0.0000,0.0830,Population structure converged. Difference: 0.0074
19,0,47.4504,29.0409,Warrior,76.3936,77.9845,15.4725,3.2075,26.9419,1.9753,200,55.5510,403.8647,535.6148,467.9438,474.4664,366.4323,0.0451,0.0524,Population structure converged. Difference: 0.0093
19,1,47.4504,32.6362,Warrior,76.3936,77.9845,15.4725,3.2075,26.9419,1.9753,200,55.5510,284.5820,458.1466,184.4798,227.6479,239.3901,0.0432,0.0524,Population structure converged. Difference: 0.0093
19,2,47.4504,36.0155,Warrior,76.3936,77.9845,15.4725,3.2075,26.9419,1.9753,200,55.5510,233.5740,394.1207,185.1975,172.6348,143.6620,0.0426,0.0524,Population structure converged. Difference: 0.0093
19,3,47.4504,39.0831,Warrior,76.3936,77.9845,15.4725,3.2075,26.9419,1.9753,200,55.5510,152.8648,298.7439,216.8314,118.3666,85.0999,0.0433,0.0524,Population structure converged. Difference: 0.0093
19,4,50.8245,43.0973,Warrior,70.2425,51.5727,61.8093,4.7625,11.6131,1.8874,200,55.5510,104.6992,208.5571,184.7205,91.8093,57.5941,0.0352,0.0524,Population structure converged. Difference: 0.0093
19,5,54.2360,45.0516,Warrior,82.0439,83.7525,16.6169,5.1147,12.4720,1.8874,200,55.5510,57.2931,181.1850,189.3431,64.4296,39.6853,0.0354,0.0524,Population structure converged. Difference: 0.0093
19,6,54.2360,46.5286,Warrior,82.0439,83.7525,16.6169,5.1147,12.4720,1.8874,200,55.5510,37.3530,111.1026,186.3763,33.4047,46.2005,0.0247,0.0524,Population structure converged. Difference: 0.0093
19,7,54.2520,47.8734,Warrior,78.4818,83.7451,20.5400,4.2579,12.9753,1.8874,200,55.5510,27.3682,65.0105,182.2711,25.8406,53.6263,0.0102,0.0524,Population structure converged. Difference: 0.0093
19,8,55.2336,49.4376,Warrior,83.2992,85.0340,16.8712,3.4974,11.2982,1.8874,200,55.5510,46.3220,74.3846,276.8956,25.8901,55.4786,0.0022,0.0524,Population structure converged. Difference: 0.0093
19,9,55.2336,50.8778,Warrior,83.2992,85.0340,16.8712,3.4974,11.2982,1.8874,200,55.5510,70.1926,67.5466,293.7795,14.2080,45.5957,0.0016,0.0524,Population structure converged. Difference: 0.0093
19,10,55.3296,52.2264,Warrior,83.4188,85.1560,16.8954,3.2155,11.3144,1.8874,200,55.5510,56.1093,67.8425,216.7807,13.6431,32.0324,0.0011,0.0524,Population structure converged. Difference: 0.0093
19,11,55.5068,53.1469,Warrior,83.6468,85.3887,16.9416,3.5120,10.5109,1.8874,200,55.5510,41.1496,70.0902,138.6333,9.0981,18.1104,0.0009,0.0524,Population structure converged. Difference: 0.0093
19,12,55.5068,54.4243,Warrior,83.6468,85.3887,16.9416,3.5120,10.5109,1.8874,200,55.5510,19.2511,46.8530,81.1925,4.8320,1.0271,0.0002,0.0524,Population structure converged. Difference: 0.0093
19,13,55.5068,54.8406,Warrior,83.6468,85.3887,16.9416,3.5120,10.5109,1.8874,200,55.5510,15.2944,36.1412,70.9803,1.4251,0.8637,0.0000,0.0524,Population structure converged. Difference: 0.0093
19,14,55.5510,55.0376,Warrior,83.9945,67.2000,34.8535,3.3072,10.6448,1.8874,200,55.5510,7.5886,19.3703,39.3615,1.3244,0.7925,0.0000,0.0524,Population structure converged. Difference: 0.0093
20,0,52.7243,29.9091,Warrior,89.6665,46.2501,51.8301,7.3652,4.8881,1.8921,200,57.3939,373.3186,374.5384,421.4830,370.0955,567.1346,0.0356,0.0491,Population structure converged. Difference: 0.0072
20,1,52.7243,33.4226,Warrior,89.6665,46.2501,51.8301,7.3652,4.8881,1.8921,200,57.3939,267.2374,363.0904,351.2914,256.0504,525.9437,0.0296,0.0491,Population structure converged. Difference: 0.0072
20,2,52.8945,36.9452,Warrior,89.9456,46.3941,51.9914,7.3881,4.2808,1.8921,200,57.3939,226.2034,483.7107,410.3513,212.2110,438.4039,0.0225,0.0491,Population structure converged. Difference: 0.0072
20,3,56.0946,40.3046,Warrior,74.9853,76.8227,37.9450,6.1593,4.0878,1.8921,200,57.3939,224.6932,458.1552,375.2248,179.9241,264.1316,0.0194,0.0491,Population structure converged. Difference: 0.0072
20,4,56.0946,45.0399,Warrior,74.9853,76.8227,37.9450,6.1593,4.0878,1.8921,200,57.3939,166.4022,375.7630,257.3637,128.0734,84.3833,0.0159,0.0491,Population structure converged. Difference: 0.0072
20,5,56.5723,48.0842,Warrior,79.4783,81.2231,28.4375,6.5283,4.3327,1.8921,200,57.3939,118.1387,240.2720,154.5834,115.4571,38.9361,0.0123,0.0491,Population structure converged. Difference: 0.0072
20,6,56.5723,50.8558,Warrior,79.4783,81.2231,28.4375,6.5283,4.3327,1.8921,200,57.3939,105.9671,299.4402,188.6806,59.9278,7.0285,0.0067,0.0491,Population structure converged. Difference: 0.0072
20,7,57.2572,53.1142,Warrior,86.7764,69.5769,34.3661,5.5783,3.7022,1.8921,200,57.3939,83.4259,374.0838,235.7950,43.7700,0.4038,0.0000,0.0491,Population structure converged. Difference: 0.0072
20,8,57.2572,54.5807,Warrior,86.7764,69.5769,34.3661,5.5783,3.7022,1.8921,200,57.3939,80.2223,309.5990,190.5821,10.4572,0.2760,0.0000,0.0491,Population structure converged. Difference: 0.0072
20,9,57.2572,55.6674,Warrior,86.7764,69.5769,34.3661,5.5783,3.7022,1.8921,200,57.3939,29.7350,217.6651,140.6392,0.3037,0.1250,0.0000,0.0491,Population structure converged. Difference: 0.0072
20,10,57.2619,56.1817,Warrior,88.5398,68.4933,33.8309,5.4915,3.6446,1.8921,200,57.3939,29.9528,113.0724,77.6847,0.2469,0.1510,0.0000,0.0491,Population structure converged. Difference: 0.0072
20,11,57.2619,56.6930,Warrior,88.5398,68.4933,33.8309,5.4915,3.6446,1.8921,200,57.3939,19.5202,31.6102,18.1744,0.2268,0.1649,0.0000,0.0491,Population structure converged. Difference: 0.0072
20,12,57.3939,56.9850,Warrior,86.9382,69.7067,34.4302,5.3646,3.5604,1.8921,200,57.3939,15.2415,26.5229,12.2826,0.1980,0.1326,0.0000,0.0491,Population structure converged. Difference: 0.0072
